120,1
120,3
131,1
131,3
123,1
123,3
0,273
0,270
150,49
150,48
150,47
150,46
150,45
150,44
150,43
150,42
150,41
150,40
150,39
150,38
150,37
150,36
150,35
10,291
10,73
10,79
10,241
10,227
10,247
10,2
10,3
9,7
9,1
9,5
9,2
9,3
8,12
8,7
8,5
8,2
8,3
143,5
143,4
143,3
143,2
143,1
143,0
140,3
140,2
140,1
140,0
139,3
139,2
139,1
139,0
138,4
138,3
138,2
138,1
138,0
137,4
137,3
137,2
137,1
137,0
135,6
135,5
135,3
135,1
132,4
132,3
132,1
128,3
128,1
127,4
127,3
127,1
20,3
20,2
20,1
19,3
19,2
19,1
12,3
12,2
12,1
11,29
11,28
11,26
11,25
11,24
11,23
11,22
11,21
11,20
11,19
11,18
11,17
11,16
11,15
11,14
11,11
11,10
11,9
11,8
11,6
11,5
11,4
11,3
11,2
11,1
10,313
10,306
10,289
10,277
10,275
10,273
10,269
10,255
10,245
10,229
10,216
10,215
10,199
